1057567.8177638496 -2146338.9626826476
1034867.0060308203 -2127707.0006509204
1022759.9064398714 -2121496.3466403447
1018219.7440932655 -2101311.7211059732
1012166.1942977911 -2091995.7400901099
1000059.0947068422 -2085785.0860795341
984925.2202181560 -2064047.7970425189
977358.2829738130 -2046968.4985134357
951630.6963430465 -2036099.8539949283
928929.8846100173 -2023678.5459737768
912282.6226724626 -2022125.8824711328
891095.1983883020 -2011257.2379526254
885041.6485928276 -1998835.9299314737
882014.8736950903 -1983309.2949050344
869907.7741041414 -1963124.6693706634
857800.6745131925 -1952256.0248521557
845693.5749222436 -1932071.3993177847
857800.6745131925 -1932071.3993177847
874447.9364507473 -1946045.3708415800
882014.8736950903 -1960019.3423653755
891095.1983883020 -1949150.6978468678
904715.6854281195 -1942940.0438362921
912282.6226724626 -1955361.3518574436
925903.1097122801 -1961572.0058680193
941036.9842009662 -1936729.3898257164
950117.3088941779 -1933624.0628204285
959197.6335873896 -1933624.0628204285
959197.6335873896 -1911886.7737834135
972818.1206272071 -1908781.4467781256
981898.4453204188 -1902570.7927675499
987951.9951158933 -1894807.4752543303
995518.9323602363 -1893254.8117516863
1010652.8068489225 -1901018.1292649060
1021246.5189910028 -1896360.1387569741
1037893.7809285575 -1890149.4847463984
1046974.1056217692 -1894807.4752543303
1051514.2679683750 -1888596.8212437546
1066648.1424570610 -1882386.1672331789
1078755.2420480100 -1896360.1387569741
1087835.5667412216 -1905676.1197728377
1095402.5039855647 -1901018.1292649060
1098429.2788833021 -1891702.1482490422
1104482.8286787765 -1882386.1672331789
1115076.5408208566 -1879280.8402278908
1130210.4153095428 -1893254.8117516863
1140804.1274516233 -1887044.1577411105
1146857.6772470977 -1891702.1482490422
1155938.0019403093 -1887044.1577411105
1158964.7768380465 -1873070.1862173150
1166531.7140823896 -1855990.8876882319
1180152.2011222071 -1849780.2336776562
1175612.0387756014 -1837358.9256565047
1180152.2011222071 -1823384.9541327092
1193772.6881620246 -1809410.9826089139
1201339.6254063677 -1806305.6556036258
1211933.3375484480 -1806305.6556036258
1214960.1124461852 -1796989.6745877624
1224040.4371393970 -1792331.6840798305
1237660.9241792145 -1793884.3475824744
1246741.2488724261 -1796989.6745877624
1258848.3484633751 -1795437.0110851184
1269442.0606054552 -1786121.0300692548
1284575.9350941414 -1786121.0300692548
1302736.5844805648 -1793884.3475824744
1317870.4589692508 -1806305.6556036258
1328464.1711113313 -1820279.6271274213
1331490.9460090683 -1834253.5986512168
1343598.0456000175 -1834253.5986512168
1357218.5326398350 -1845122.2431697242
1388999.6690660757 -1842016.9161644364
1398079.9937592875 -1832700.9351485728
1404133.5435547619 -1821832.2906300654
1417754.0305945794 -1815621.6366194896
1432887.9050832656 -1817174.3001221335
1444995.0046742144 -1815621.6366194896
1454075.3293674262 -1810963.6461115577
1466182.4289583750 -1804752.9921009820
1479802.9159981925 -1807858.3191062699
1496450.1779357474 -1812516.3096142015
1502503.7277312218 -1815621.6366194896
1516124.2147710393 -1815621.6366194896
1523691.1520153824 -1817174.3001221335
1532771.4767085940 -1828042.9446406411
1528231.3143619881 -1840464.2526617926
1538825.0265040686 -1845122.2431697242
1567579.3880325721 -1840464.2526617926
1578173.1001746524 -1849780.2336776562
1588766.8123167327 -1857543.5511908759
1597847.1370099443 -1857543.5511908759
1603900.6868054187 -1849780.2336776562
1605414.0742542874 -1824937.6176353532
1616007.7863963679 -1818726.9636247775
1637195.2106805285 -1818726.9636247775
1652329.0851692143 -1800095.0015930501
1675029.8969022436 -1790779.0205771867
1687136.9964931924 -1773699.7220481033
1699244.0960841416 -1778357.7125560353
1714377.9705728278 -1772147.0585454595
1732538.6199592510 -1761278.4140269519
1729511.8450615136 -1748857.1060058004
1717404.7454705648 -1737988.4614872928
1732538.6199592510 -1720909.1629582096
1737078.7823058567 -1705382.5279317703
1737078.7823058567 -1697619.2104185505
1732538.6199592510 -1689855.8929053310
1743132.3321013311 -1680539.9118894674
1750699.2693456742 -1680539.9118894674
1762806.3689366234 -1683645.2388947553
1771886.6936298348 -1666565.9403656719
1800641.0551583385 -1678987.2483868233
1820315.0919936304 -1688303.2294026869
1839989.1288289228 -1696066.5469159067
1859663.1656642146 -1714698.5089476339
1876310.4276017691 -1733330.4709793611
1888417.5271927183 -1753515.0965137323
1894471.0769881927 -1781463.0395613229
1888417.5271927183 -1792331.6840798305
1885390.7522949809 -1804752.9921009820
1879337.2024995065 -1821832.2906300654
1897497.8518859297 -1862201.5416988076
1679570.0592488497 -1997283.2664288299
1479802.9159981925 -2074916.4415610265
1293656.2597873532 -2068705.7875504508
1208906.5626507108 -2084232.4225768901
1054541.0428661122 -2144786.2991800038
 

